name: virID
channels:
  - agbiome
  - defaults
  - conda-forge
  - bioconda
dependencies:
  - _libgcc_mutex=0.1=main
  - bbtools=37.62=0
  - biopython=1.74=py36h7b6447c_0
  - blas=1.0=mkl
  - blast=2.9.0=h20b68b9_1
  - boost=1.68.0=py36h8619c78_1001
  - boost-cpp=1.68.0=h11c811c_1000
  - bwa=0.7.17=hed695b0_6
  - bzip2=1.0.8=h7b6447c_0
  - ca-certificates=2019.8.28=0
  - certifi=2019.9.11=py36_0
  - curl=7.65.3=hbc83047_0
  - dbus=1.13.6=h746ee38_0
  - diamond=0.9.14=hd28b015_2
  - ete3=3.1.1=py_1
  - expat=2.2.6=he6710b0_0
  - fontconfig=2.13.1=he4413a7_1000
  - freetype=2.9.1=h8a8886c_1
  - glib=2.56.2=hd408876_0
  - gmp=6.1.2=h6c8ec71_1
  - gnutls=3.6.5=hd3a4fd2_1002
  - gst-plugins-base=1.14.0=hbbd80ab_1
  - gstreamer=1.14.0=hb453b48_1
  - htslib=1.9=h4da6232_3
  - icu=58.2=h9c2bf20_1
  - intel-openmp=2019.4=243
  - java-jdk=7.0.91=1
  - jellyfish=0.6.1=py36h14c3975_1000
  - jpeg=9b=h024ee3a_2
  - krb5=1.16.1=h173b8e3_7
  - libcurl=7.65.3=h20c2e04_0
  - libdeflate=1.3=h516909a_0
  - libedit=3.1.20181209=hc058e9b_0
  - libffi=3.2.1=hd88cf55_4
  - libgcc-ng=9.1.0=hdf63c60_0
  - libgfortran-ng=7.3.0=hdf63c60_0
  - libpng=1.6.37=hbc83047_0
  - libssh2=1.8.2=h1ba5d50_0
  - libstdcxx-ng=9.1.0=hdf63c60_0
  - libuuid=2.32.1=h14c3975_1000
  - libxcb=1.13=h1bed415_1
  - libxml2=2.9.9=hea5a465_1
  - libxslt=1.1.33=h7d1a2b0_0
  - lxml=4.4.1=py36hefd8a0e_0
  - mkl=2019.4=243
  - mkl-service=2.3.0=py36he904b0f_0
  - mkl_fft=1.0.14=py36ha843d7b_0
  - mkl_random=1.1.0=py36hd6b4f25_0
  - ncurses=6.1=he6710b0_1
  - nettle=3.4.1=h1bed415_1002
  - numpy=1.17.2=py36haad9e8e_0
  - numpy-base=1.17.2=py36hde5b4d6_0
  - openssl=1.1.1d=h7b6447c_2
  - pandas=0.25.1=py36he6710b0_0
  - pcre=8.43=he6710b0_0
  - perl=5.26.2=h14c3975_0
  - perl-archive-tar=2.32=pl526_0
  - perl-carp=1.38=pl526_3
  - perl-common-sense=3.74=pl526_2
  - perl-compress-raw-bzip2=2.087=pl526he1b5a44_0
  - perl-compress-raw-zlib=2.087=pl526hc9558a2_0
  - perl-exporter=5.72=pl526_1
  - perl-exporter-tiny=1.002001=pl526_0
  - perl-extutils-makemaker=7.36=pl526_1
  - perl-io-compress=2.087=pl526he1b5a44_0
  - perl-io-zlib=1.10=pl526_2
  - perl-json=4.02=pl526_0
  - perl-json-xs=2.34=pl526h6bb024c_3
  - perl-list-moreutils=0.428=pl526_1
  - perl-list-moreutils-xs=0.428=pl526_0
  - perl-pathtools=3.75=pl526h14c3975_1
  - perl-scalar-list-utils=1.52=pl526h516909a_0
  - perl-types-serialiser=1.0=pl526_2
  - perl-xsloader=0.24=pl526_0
  - pip=19.2.3=py36_0
  - pyqt=5.9.2=py36h05f1152_2
  - python=3.6.7=h357f687_1005
  - python-dateutil=2.8.0=py36_0
  - pytz=2019.2=py_0
  - qt=5.9.7=h5867ecd_1
  - readline=8.0=hf8c457e_0
  - samtools=1.9=h10a08f8_12
  - scipy=1.3.1=py36h7c811a0_0
  - seqtk=1.3=hed695b0_2
  - setuptools=41.2.0=py36_0
  - sip=4.19.8=py36hf484d3e_0
  - six=1.12.0=py36_0
  - spades=3.13.0=0
  - sqlite=3.30.0=h7b6447c_0
  - tk=8.6.9=hed695b0_1003
  - wheel=0.33.6=py36_0
  - xorg-kbproto=1.0.7=h14c3975_1002
  - xorg-libice=1.0.10=h516909a_0
  - xorg-libsm=1.2.3=h84519dc_1000
  - xorg-libx11=1.6.8=h516909a_0
  - xorg-libxau=1.0.9=h14c3975_0
  - xorg-libxdmcp=1.1.3=h516909a_0
  - xorg-libxext=1.3.4=h516909a_0
  - xorg-libxrender=0.9.10=h516909a_1002
  - xorg-renderproto=0.11.1=h14c3975_1002
  - xorg-xextproto=7.3.0=h14c3975_1002
  - xorg-xproto=7.0.31=h14c3975_1007
  - xz=5.2.4=h14c3975_4
  - zlib=1.2.11=h7b6447c_3
  - pip:
    - anytree==2.7.1
    - fastcache==1.1.0
